[x, y, z, a, c]
[0. 0. 0. 0. 0. 0.]
[-5.       0.12205  0.       1.5      0.       1.     ]
[5.      0.12205 0.      1.5     0.      1.     ]
[5.      0.12205 0.      1.5     0.      0.     ]
[-5.       0.11705  0.       1.4375   0.       1.     ]
[5.      0.11705 0.      1.4375  0.      1.     ]
[5.      0.11705 0.      1.4375  0.      0.     ]
[-5.       0.11205  0.       1.375    0.       1.     ]
[5.      0.11205 0.      1.375   0.      1.     ]
[5.      0.11205 0.      1.375   0.      0.     ]
[-5.       0.10705  0.       1.3125   0.       1.     ]
[5.      0.10705 0.      1.3125  0.      1.     ]
[5.      0.10705 0.      1.3125  0.      0.     ]
[-5.       0.10205  0.       1.25     0.       1.     ]
[5.      0.10205 0.      1.25    0.      1.     ]
[5.      0.10205 0.      1.25    0.      0.     ]
[-5.       0.09705  0.       1.1875   0.       1.     ]
[5.      0.09705 0.      1.1875  0.      1.     ]
[5.      0.09705 0.      1.1875  0.      0.     ]
[-5.       0.09205  0.       1.125    0.       1.     ]
[5.      0.09205 0.      1.125   0.      1.     ]
[5.      0.09205 0.      1.125   0.      0.     ]
[-5.       0.08705  0.       1.0625   0.       1.     ]
[5.      0.08705 0.      1.0625  0.      1.     ]
[5.      0.08705 0.      1.0625  0.      0.     ]
[-5.       0.08205  0.       1.       0.       1.     ]
[5.      0.08205 0.      1.      0.      1.     ]
[5.      0.08205 0.      1.      0.      0.     ]
[-5.       0.07705  0.       0.9375   0.       1.     ]
[5.      0.07705 0.      0.9375  0.      1.     ]
[5.      0.07705 0.      0.9375  0.      0.     ]
[-5.       0.07205  0.       0.875    0.       1.     ]
[5.      0.07205 0.      0.875   0.      1.     ]
[5.      0.07205 0.      0.875   0.      0.     ]
[-5.       0.06705  0.       0.8125   0.       1.     ]
[5.      0.06705 0.      0.8125  0.      1.     ]
[5.      0.06705 0.      0.8125  0.      0.     ]
[-5.       0.06205  0.       0.75     0.       1.     ]
[5.      0.06205 0.      0.75    0.      1.     ]
[5.      0.06205 0.      0.75    0.      0.     ]
[-5.       0.05705  0.       0.6875   0.       1.     ]
[5.      0.05705 0.      0.6875  0.      1.     ]
[5.      0.05705 0.      0.6875  0.      0.     ]
[-5.       0.05205  0.       0.625    0.       1.     ]
[5.      0.05205 0.      0.625   0.      1.     ]
[5.      0.05205 0.      0.625   0.      0.     ]
[-5.       0.04705  0.       0.5625   0.       1.     ]
[5.      0.04705 0.      0.5625  0.      1.     ]
[5.      0.04705 0.      0.5625  0.      0.     ]
[-5.       0.04205  0.       0.5      0.       1.     ]
[5.      0.04205 0.      0.5     0.      1.     ]
[5.      0.04205 0.      0.5     0.      0.     ]
[-5.       0.03705  0.       0.4375   0.       1.     ]
[5.      0.03705 0.      0.4375  0.      1.     ]
[5.      0.03705 0.      0.4375  0.      0.     ]
[-5.       0.03205  0.       0.375    0.       1.     ]
[5.      0.03205 0.      0.375   0.      1.     ]
[5.      0.03205 0.      0.375   0.      0.     ]
[-5.       0.02705  0.       0.3125   0.       1.     ]
[5.      0.02705 0.      0.3125  0.      1.     ]
[5.      0.02705 0.      0.3125  0.      0.     ]
[-5.       0.02205  0.       0.25     0.       1.     ]
[5.      0.02205 0.      0.25    0.      1.     ]
[5.      0.02205 0.      0.25    0.      0.     ]
[-5.       0.01705  0.       0.1875   0.       1.     ]
[5.      0.01705 0.      0.1875  0.      1.     ]
[5.      0.01705 0.      0.1875  0.      0.     ]
[-5.       0.01205  0.       0.125    0.       1.     ]
[5.      0.01205 0.      0.125   0.      1.     ]
[5.      0.01205 0.      0.125   0.      0.     ]
[-5.       0.00705  0.       0.0625   0.       1.     ]
[5.      0.00705 0.      0.0625  0.      1.     ]
[5.      0.00705 0.      0.0625  0.      0.     ]
[-5.00e+00  2.05e-03  0.00e+00 -0.00e+00  0.00e+00  1.00e+00]
[ 5.00e+00  2.05e-03  0.00e+00 -0.00e+00  0.00e+00  1.00e+00]
[ 5.00e+00  2.05e-03  0.00e+00 -0.00e+00  0.00e+00  0.00e+00]
[-5.00e+00 -2.95e-03  0.00e+00 -6.25e-02  0.00e+00  1.00e+00]
[ 5.00e+00 -2.95e-03  0.00e+00 -6.25e-02  0.00e+00  1.00e+00]
[ 5.00e+00 -2.95e-03  0.00e+00 -6.25e-02  0.00e+00  0.00e+00]
[-5.      -0.00795  0.      -0.125    0.       1.     ]
[ 5.      -0.00795  0.      -0.125    0.       1.     ]
[ 5.      -0.00795  0.      -0.125    0.       0.     ]
[-5.      -0.01295  0.      -0.1875   0.       1.     ]
[ 5.      -0.01295  0.      -0.1875   0.       1.     ]
[ 5.      -0.01295  0.      -0.1875   0.       0.     ]
[-5.      -0.01795  0.      -0.25     0.       1.     ]
[ 5.      -0.01795  0.      -0.25     0.       1.     ]
[ 5.      -0.01795  0.      -0.25     0.       0.     ]
[-5.      -0.02295  0.      -0.3125   0.       1.     ]
[ 5.      -0.02295  0.      -0.3125   0.       1.     ]
[ 5.      -0.02295  0.      -0.3125   0.       0.     ]
[-5.      -0.02795  0.      -0.375    0.       1.     ]
[ 5.      -0.02795  0.      -0.375    0.       1.     ]
[ 5.      -0.02795  0.      -0.375    0.       0.     ]
[-5.      -0.03295  0.      -0.4375   0.       1.     ]
[ 5.      -0.03295  0.      -0.4375   0.       1.     ]
[ 5.      -0.03295  0.      -0.4375   0.       0.     ]
[-5.      -0.03795  0.      -0.5      0.       1.     ]
[ 5.      -0.03795  0.      -0.5      0.       1.     ]
[ 5.      -0.03795  0.      -0.5      0.       0.     ]
[-5.      -0.04295  0.      -0.5625   0.       1.     ]
[ 5.      -0.04295  0.      -0.5625   0.       1.     ]
[ 5.      -0.04295  0.      -0.5625   0.       0.     ]
[-5.      -0.04795  0.      -0.625    0.       1.     ]
[ 5.      -0.04795  0.      -0.625    0.       1.     ]
[ 5.      -0.04795  0.      -0.625    0.       0.     ]
[-5.      -0.05295  0.      -0.6875   0.       1.     ]
[ 5.      -0.05295  0.      -0.6875   0.       1.     ]
[ 5.      -0.05295  0.      -0.6875   0.       0.     ]
[-5.      -0.05795  0.      -0.75     0.       1.     ]
[ 5.      -0.05795  0.      -0.75     0.       1.     ]
[ 5.      -0.05795  0.      -0.75     0.       0.     ]
[-5.      -0.06295  0.      -0.8125   0.       1.     ]
[ 5.      -0.06295  0.      -0.8125   0.       1.     ]
[ 5.      -0.06295  0.      -0.8125   0.       0.     ]
[-5.      -0.06795  0.      -0.875    0.       1.     ]
[ 5.      -0.06795  0.      -0.875    0.       1.     ]
[ 5.      -0.06795  0.      -0.875    0.       0.     ]
[-5.      -0.07295  0.      -0.9375   0.       1.     ]
[ 5.      -0.07295  0.      -0.9375   0.       1.     ]
[ 5.      -0.07295  0.      -0.9375   0.       0.     ]
[-5.      -0.07795  0.      -1.       0.       1.     ]
[ 5.      -0.07795  0.      -1.       0.       1.     ]
[ 5.      -0.07795  0.      -1.       0.       0.     ]
[-5.      -0.08295  0.      -1.0625   0.       1.     ]
[ 5.      -0.08295  0.      -1.0625   0.       1.     ]
[ 5.      -0.08295  0.      -1.0625   0.       0.     ]
[-5.      -0.08795  0.      -1.125    0.       1.     ]
[ 5.      -0.08795  0.      -1.125    0.       1.     ]
[ 5.      -0.08795  0.      -1.125    0.       0.     ]
[-5.      -0.09295  0.      -1.1875   0.       1.     ]
[ 5.      -0.09295  0.      -1.1875   0.       1.     ]
[ 5.      -0.09295  0.      -1.1875   0.       0.     ]
[-5.      -0.09795  0.      -1.25     0.       1.     ]
[ 5.      -0.09795  0.      -1.25     0.       1.     ]
[ 5.      -0.09795  0.      -1.25     0.       0.     ]
[-5.      -0.10295  0.      -1.3125   0.       1.     ]
[ 5.      -0.10295  0.      -1.3125   0.       1.     ]
[ 5.      -0.10295  0.      -1.3125   0.       0.     ]
[-5.      -0.10795  0.      -1.375    0.       1.     ]
[ 5.      -0.10795  0.      -1.375    0.       1.     ]
[ 5.      -0.10795  0.      -1.375    0.       0.     ]
[-5.      -0.11295  0.      -1.4375   0.       1.     ]
[ 5.      -0.11295  0.      -1.4375   0.       1.     ]
[ 5.      -0.11295  0.      -1.4375   0.       0.     ]
[-5.      -0.11795  0.      -1.5      0.       1.     ]
[ 5.      -0.11795  0.      -1.5      0.       1.     ]
[ 5.      -0.11795  0.      -1.5      0.       0.     ]
